Id Lat Lon Depth Station(s) Tp Ts-Tp
#R001 38.2067  -122.2979  8.9   
#R002 38.2502  -122.3319  11.0   
#R003 38.2377  -122.3278  7.1   
#R004 38.2187  -122.3312  10.2   
#E001 38.2223  -122.3340  9.1   
#E002 38.2162  -122.3330  9.2   
#E003 38.2090  -122.2923  10.2   
#E004 38.2188  -122.2959  10.0   
#E005 38.2205  -122.2966  10.6   
#E006 38.2284  -122.3125  8.9   
#E007 38.2273  -122.3098  8.8   
#E008 38.2271  -122.3446  9.1   
#E009 38.2119  -122.3023  8.2   
#E010 38.2271  -122.3083  8.8   
#E011 38.2201  -122.2982  11.0   
#E012 38.2285  -122.3101  8.9   
#E013 38.2147  -122.2955  8.1   
#E014 38.2309  -122.3131  9.0   
#E015 38.2292  -122.3048  9.3   
#E016 38.2244  -122.2953  10.6   
#E017 38.2315  -122.3133  8.8   
#E018 38.2243  -122.3345  9.5   
#E019 38.2212  -122.3063  8.3   
#E020 38.2238  -122.3374  9.4   
#E021 38.2306  -122.3127  8.9   
#E022 38.2317  -122.3144  8.9   
#E023 38.2251  -122.3509  9.2   
#E024 38.2312  -122.3157  8.8   
#E025 38.2348  -122.3316  10.3   
#E026 38.2304  -122.3133  8.8   
#E027 38.2211  -122.3268  9.5   
#E028 38.2215  -122.3331  8.8   
#E029 38.2088  -122.2967  7.9   
#E030 38.2291  -122.3111  8.7   
#E031 38.2227  -122.3306  9.8   
#E032 38.2204  -122.3219  9.7   
#E033 38.2131  -122.3088  8.3   
#E034 38.2290  -122.3123  8.8   
#E035 38.2251  -122.3355  10.1   
#E036 38.2285  -122.3550  7.4   
#E037 38.2239  -122.2920  8.2   
#E038 38.2299  -122.3060  9.3   
#E039 38.2235  -122.2931  10.7   
#E040 38.2166  -122.2666  7.1   
#E041 38.2305  -122.3097  9.2   
#E042 38.2191  -122.3442  9.2   
#E043 38.2194  -122.3320  9.5   
#E044 38.2183  -122.3412  8.9   
#E045 38.2302  -122.3133  9.0   
#E046 38.2282  -122.2982  10.1   
#E047 38.2303  -122.3116  9.0   
#E048 38.2283  -122.3016  10.1   
#E049 38.2285  -122.3032  10.0   
#E050 38.2201  -122.3277  9.7   
#E051 38.2302  -122.3110  8.9   
#E052 38.2304  -122.3164  8.9   
#E053 38.2306  -122.3171  8.9   
#E054 38.2204  -122.3283  9.7   
#E055 38.2148  -122.3009  8.0   
#E056 38.2228  -122.3456  10.5   
#E057 38.2281  -122.2918  10.4   
#E058 38.2187  -122.3382  9.8   
#E059 38.2274  -122.3897  5.7   
#E060 38.2250  -122.3191  9.2   
#E061 38.2189  -122.3266  9.5   
#E062 38.2313  -122.2925  8.6   
#E063 38.2316  -122.2909  8.5   
#E064 38.2158  -122.3692  10.6   
#E065 38.2177  -122.3278  9.3   
#E066 38.2315  -122.2879  10.7   
#E067 38.2274  -122.2807  7.5   
#E068 38.2151  -122.3387  9.4   
#E069 38.2326  -122.3047  9.4   
#E070 38.2337  -122.3001  9.6   
#E071 38.2250  -122.3191  9.2   
#E072 38.2172  -122.3291  9.4   
#E073 38.2258  -122.3555  11.2   
#E074 38.2358  -122.2894  10.0   
#E075 38.2176  -122.3264  9.4   
#E076 38.2314  -122.3115  9.1   
#E077 38.2173  -122.3272  9.4   
